0 0.020215844708306317 0.7903618731270706 0.04043168941661263 0.0995647152843203
0 0.10170078633050147 0.7923731893115123 0.09604395575138899 0.1001941046447127
0 0.20741406695945444 0.7929308266748739 0.09844780190523518 0.10023606393540546
0 0.30177851356346086 0.8165138193078918 0.12729395575138897 0.10073957542371932
0 0.06592485460229644 0.6776599225779822 0.05892321077841885 0.05389163836124338
0 0.16308479834209344 0.6843740328433842 0.08128517798664539 0.08551927197747872
0 0.24459176701175153 0.6925628015752125 0.0693778474979701 0.09011716783170698
0 0.3383137919416127 0.6921283123151152 0.08374497428076924 0.0879650774220179
0 0.4385179936313027 0.826141370507631 0.09598800561111122 0.09779025849086655
0 0.5194125255750528 0.7057873089447295 0.16648284603653857 0.13266092407480473
0 0.5526167607285783 0.8277540734304909 0.0954285042083334 0.07375179695240501
0 0.9449182550588134 0.8521437294022131 0.06535345715416696 0.12368709540416763
0 0.9457315419709396 0.713964534846752 0.06954569791880352 0.09732870629324544