0 0.0337582093915328 0.8185096153846154 0.0675164187830656 0.10576923076923077
0 0.12529164674674076 0.8137019230769231 0.10101949847991462 0.10576923076923077
0 0.22876893164268092 0.8088942307692307 0.10582719078760693 0.10576923076923077
0 0.3256770997512279 0.828125 0.13472929477403858 0.10817307692307693
0 0.07981640519273445 0.7019230769230769 0.06384280336666671 0.057692307692307696
0 0.17714419935336478 0.703125 0.08620477057489324 0.0889423076923077
0 0.25999296645064046 0.7067307692307693 0.07664533609978637 0.09134615384615384
0 0.3526529436542729 0.7019230769230769 0.08866456686901714 0.09134615384615384
0 0.4614664323733967 0.8293269230769231 0.1009635483396368 0.10336538461538461
0 0.5340594030592408 0.7055288461538461 0.17632203121303427 0.13942307692307693
0 0.5757610249616446 0.8245192307692307 0.09794425064273518 0.07692307692307693
0 0.9542548939118584 0.8293269230769231 0.05109823065192332 0.12980769230769232
0 0.9514064614529374 0.6935096153846154 0.06250200987809834 0.10336538461538461