0 0.5448758953753151 0.05898485639734281 0.10943178463006926 0.11006124500425431
0 0.13206831378839426 0.4230890896612779 0.12444225848307593 0.1607937699791804
0 0.3064895425500706 0.09799459540670229 0.06809088821426525 0.06848255244709156
0 0.3011173722029419 0.7662218668852403 0.06319928205944023 0.06118709540416763
0 0.8473549271654552 0.08855375500081537 0.08788108309258674 0.11689514984955728
0 0.5394765958111228 0.6262715690596886 0.07320626462811138 0.09500877872078486
0 0.9105351711918224 0.6486350124938002 0.06079543590559393 0.0611451361134746
0 0.652526451182522 0.7216342719825485 0.05084439590167788 0.032131145104549466
0 0.7000142931988874 0.9779646653395375 0.057860135386573135 0.015430099899704923
0 0.40999309944671514 0.2908599250777562 0.0556241169269927 0.029811217532088954
0 0.7430236912427292 0.2766351017783376 0.05330418462027954 0.036980796702934596