0 0.21947149724822076 0.6646871709526222 0.28971361013559704 0.6274634315665223
0 0.06278973775693765 0.7748986269976645 0.10569077172547353 0.4103741770722521
0 0.5027896690765243 0.6504075980236069 0.29051083665876065 0.6731365084895992
0 0.6664549206993494 0.7337686962992193 0.24206844654995702 0.5136854358125892
0 0.90625 0.7560096153846154 0.18269230769230768 0.4254807692307692
0 0.3736478658822888 0.2732676741982726 0.20437434190524437 0.41930604645219677
0 0.7570403477754041 0.278758257986856 0.22268200674077138 0.366757105393124
0 0.614548159339573 0.1693324856351716 0.22909631867914604 0.32120990634212554
0 0.2687570504487933 0.11523440434382728 0.21539871628220197 0.22484626373481525
0 0.45919147102847724 0.08010862949236887 0.129921403595416 0.14645461163748927
0 0.9338942307692307 0.13221153846153846 0.12740384615384615 0.1971153846153846