0 0.7415865384615384 0.7007211538461539 0.3245192307692308 0.59375
0 0.8966346153846154 0.8269230769230769 0.16826923076923078 0.34134615384615385
0 0.4673988285955733 0.6509150636537033 0.3236413706174962 0.6792009497869912
0 0.2940282169945395 0.6993819005532848 0.265026041849412 0.5198757928560822
0 0.08160410136528663 0.6716380861651043 0.16320820273057327 0.42981463386867025
0 0.6532929383623199 0.3093048667555903 0.22361523568925043 0.425650281055663
0 0.2810953617988878 0.2364597026024458 0.23773063892040178 0.3729334933653132
0 0.43898082507806957 0.1637725908289483 0.24223065753616851 0.32010482054545303
0 0.7839677110745297 0.16177685446551957 0.2274859217533511 0.26464853131272587
0 0.6040638416509749 0.0935732390564298 0.1331765150407594 0.16740380514615302
0 0.12214862847608035 0.07834961232433489 0.15954889689399315 0.15569225848307597