0 0.5533950740098554 0.07165308534889744 0.11363807211806459 0.11626817386348617
0 0.8839674783774449 0.48277869988121136 0.13316252987294447 0.1673085013296115
0 0.7774002916876213 0.14207129778595998 0.07253493964982848 0.07421372799796991
0 0.6525565325990323 0.7924479588695191 0.06768529183869167 0.06686229997759231
0 0.25396938359395393 0.057689489869576484 0.09443527322292507 0.11537897973915297
0 0.44841061534855214 0.6228775234996984 0.07748248363566877 0.09839207909527051
0 0.08397619002019349 0.5902049268125233 0.06528144568484565 0.06679235519817289
0 0.32022440115222683 0.6987349538140268 0.050676561580176374 0.03512268652165591
0 0.2242881264546594 0.9455581019959015 0.05545628355223911 0.030454883772802734
0 0.6401580995885031 0.3143623533718125 0.055470268720053895 0.03285872992664875
0 0.31883207559950516 0.25278651988585554 0.0531083780696521 0.040000323608767645