0 0.9501586806997129 0.795271513832195 0.06185844405525277 0.10131116765690852
0 0.860014449930482 0.79474707003914 0.0954703309184059 0.09910311385246938
0 0.7554261625928279 0.7953406383161195 0.09787417707225206 0.0991170990202843
0 0.6588317438867072 0.8200216162189122 0.12672033091840598 0.09928492103406174
0 0.9016499981315066 0.6819970560773149 0.06106121753208909 0.0556380907338316
0 0.8053702741055819 0.6886491878262616 0.08079549825117219 0.08459612592250373
0 0.7235136270027341 0.6953852305820971 0.07126403221717335 0.0893478775589369
0 0.6309655500796574 0.6948468016212274 0.08324130369571109 0.08701395724416454
0 0.5240695017538974 0.8276519083597452 0.09542837162771314 0.09669926769862322
0 0.45162725587396185 0.7082279835421019 0.16813118631279741 0.13077266888691325
0 0.4098658298008588 0.8281895359654654 0.09500877872078493 0.07266080616016168
0 0.02797444555714499 0.851164323394853 0.05594889111428998 0.1254055698666292
0 0.03144825362365833 0.7141590777934369 0.06289650724731666 0.09658738635610466