0 0.21514423076923078 0.6860476345496462 0.2620192307692308 0.6133932117259573
0 0.05048076923076923 0.8014157750168056 0.10096153846153846 0.37793768073561945
0 0.5012019230769231 0.65248382118334 0.2620192307692308 0.6686816732644189
0 0.6682692307692307 0.7257476590136841 0.22115384615384615 0.5112426120142872
0 0.9122596153846154 0.7294655715949114 0.16826923076923078 0.4255692114824426
0 0.3641826923076923 0.2862783659179443 0.18509615384615385 0.4212511326306868
0 0.75 0.26062915189803615 0.20432692307692307 0.3665222293275814
0 0.6045673076923077 0.1598105368275336 0.21153846153846154 0.3196210736550672
0 0.2536057692307692 0.12399866252520853 0.20432692307692307 0.24799732505041705
0 0.44591346153846156 0.07853903303105463 0.12259615384615384 0.15707806606210925
0 0.9326923076923077 0.09795189039170162 0.12980769230769232 0.19590378078340323