0 0.4946608713153454 0.10287188274337648 0.09913108418809895 0.10085164805908126
0 0.8663471878983879 0.4745528987873405 0.11143001831362544 0.14920832183739316
0 0.7203636841723101 0.15260234977564163 0.06286361436318472 0.06395470364722228
0 0.6805719520580672 0.7935900207483979 0.05801396655204791 0.056631264905128376
0 0.20129374437141107 0.11287288870641041 0.07753842430692792 0.10755963525811972
0 0.46144515388221713 0.6466436598360581 0.06540731219517887 0.08804911532596166
0 0.10322312887178839 0.6467205504731304 0.05561012039820186 0.056575314764850435
0 0.3467520029492847 0.7317264127882481 0.045826913769039704 0.027505360357585353
0 0.2848557692307692 0.9819711538461539 0.05048076923076923 0.03125
0 0.60873088092537 0.33151902793824833 0.05062062090891709 0.025213414484294816
0 0.2891661867258869 0.2988372746659191 0.04825873025851543 0.03236900280555561